0 2
4 62
6 9
7 103
8 50
10 81
11 71
12 48
12 73
12 78
13 63
14 91
16 65
16 68
17 59
18 116
19 126
20 55
20 70
21 88
22 131
23 74
24 35
25 80
26 83
28 43
29 85
31 106
32 93
34 100
39 110
40 90
43 108
44 95
45 46
45 69
47 53
49 89
49 122
50 123
51 61
51 121
52 114
52 117
53 58
54 75
56 59
57 75
59 113
60 112
64 83
67 128
72 74
76 84
77 87
77 104
79 97
79 143
80 132
81 115
82 98
84 101
90 105
91 140
93 124
93 127
94 133
95 138
98 99
100 137
102 135
106 142
107 110
107 133
109 110
111 129
112 118
112 120
116 119
126 134
128 136
130 131
139 141
