0 1
2 53
3 6
3 45
5 65
7 50
8 109
9 12
9 48
13 80
15 51
16 64
17 39
18 63
20 69
20 73
20 97
21 81
22 62
23 77
25 75
26 59
27 127
28 76
29 90
29 94
30 71
32 55
33 42
34 70
35 83
37 44
40 99
46 113
47 95
49 112
51 118
51 124
52 128
53 106
53 107
54 56
54 98
55 122
55 123
57 82
58 72
59 131
59 133
60 68
60 74
61 87
64 126
65 110
67 104
72 88
75 129
76 114
77 121
77 132
81 85
81 135
83 125
84 100
87 120
89 96
92 104
93 100
96 101
96 103
99 141
108 115
109 116
111 112
115 117
119 128
127 140
134 138
134 139
136 137
