1 60
4 93
5 59
6 45
7 65
7 67
8 55
9 47
10 21
11 64
14 56
15 68
16 87
17 37
18 74
19 111
20 66
21 99
22 85
23 78
27 62
28 31
29 54
30 94
32 36
32 86
38 77
40 73
41 92
42 63
43 53
44 84
46 58
49 93
52 55
54 105
54 141
55 107
56 118
57 113
58 104
59 100
60 103
61 63
62 120
64 115
65 67
66 80
67 107
69 91
71 88
72 91
73 117
73 122
74 75
74 82
78 95
78 132
79 101
83 114
83 130
85 138
87 127
87 129
88 89
92 140
93 108
94 135
96 121
96 134
97 101
102 137
109 128
110 112
110 125
111 142
113 116
113 136
119 133
119 139
123 126
123 143
124 131
