1 67
3 59
4 98
5 60
6 18
7 66
8 76
9 85
11 62
12 16
12 61
13 51
14 52
15 77
17 82
17 84
17 90
21 54
22 95
23 72
24 55
25 89
26 53
27 34
28 110
29 78
30 88
31 46
32 86
33 45
33 79
35 97
36 70
38 103
39 116
40 47
41 117
42 87
43 96
46 83
47 94
48 127
49 69
51 57
51 105
52 63
52 102
53 93
54 118
55 104
55 106
56 70
58 99
58 101
59 100
59 107
60 65
60 115
62 108
62 109
67 122
68 97
69 126
70 74
71 95
72 114
73 85
75 95
77 121
78 132
86 112
86 119
88 111
88 134
89 138
91 92
96 123
98 113
98 128
103 130
110 120
110 131
116 124
117 129
125 133
127 137
133 135
133 136
