1 41
2 103
4 69
5 46
7 100
9 91
10 55
11 42
12 58
13 105
14 59
15 45
15 66
16 83
17 63
18 48
19 54
20 50
21 29
21 31
22 118
23 77
24 57
24 65
25 40
26 61
27 56
27 79
28 76
32 62
33 87
34 36
35 68
38 70
40 90
40 92
41 84
42 127
43 49
44 55
46 110
48 88
50 106
50 117
51 86
51 94
52 89
52 98
53 108
54 120
55 96
58 101
58 107
59 104
61 119
62 111
67 70
69 102
69 116
71 123
72 81
73 78
74 123
75 81
76 113
76 114
77 82
80 121
80 124
85 95
91 126
93 103
95 109
97 103
99 105
100 125
108 112
108 122
115 118
