0 22
2 99
3 24
5 76
6 18
7 53
8 80
9 65
10 95
11 51
11 54
11 57
11 69
12 78
13 22
13 84
14 67
15 72
17 43
20 73
22 58
25 111
28 83
30 89
31 88
32 85
34 70
35 91
35 93
35 102
37 48
38 104
42 133
43 92
44 63
45 107
46 105
46 106
47 48
49 115
50 114
51 57
52 60
55 86
56 111
59 94
61 94
62 129
63 137
64 86
65 118
66 79
67 123
68 86
70 117
70 142
71 135
71 139
72 130
72 144
73 127
74 90
74 100
75 94
76 113
78 110
78 136
79 87
81 95
82 88
85 108
85 138
89 134
95 98
96 128
97 146
97 148
103 140
104 121
104 125
109 112
114 119
120 122
122 126
124 129
131 133
133 149
141 150
143 145
147 149
